x<-c(      10.6,       10.8,         11,       11.2,       11.4,       11.6,       11.8,         12,       12.2,       12.4,       12.6,       12.8,         13,       13.2,       13.4,       13.6,       13.8,         14,       14.2,       14.4,       14.6,       14.8,         15,       15.2,       15.4,       15.6,       15.8,         16,       16.2,       16.4,       16.6,       16.8,         17,       17.2,       17.4,       17.6,       17.8,         18,       18.2,       18.4,       18.6,       18.8,         19,       19.2,       19.4,       19.6,       19.8,         20,       20.2,       20.4,       20.6,       20.8,         21,       21.2,       21.4,       21.6,       21.8,         22,       22.2,       22.4,       22.6,       22.8,         23,       23.2,       23.4,       23.6,       23.8,         24,       24.2,       24.4,       24.6,       24.8,         25,       25.2,       25.4,       25.6,       25.8,         26,       26.2,       26.4,       26.6,       26.8,         27,       27.2,       27.4,       27.6,       27.8,         28,       28.2,       28.4,       28.6,       28.8,         29,    29.2001,    29.4001,    29.6001,    29.8001,    30.0001,    30.2001,    30.4001,    30.6001,    30.8001,    31.0001,    31.2001,    31.4001); 
y<-c(   217.466,    205.097,    196.903,    191.974,    189.462,    188.616,    188.806,    189.529,     190.41,    191.189,      191.7,    191.858,    191.631,     191.03,    190.087,    188.846,     187.36,    185.677,    183.844,      181.9,    179.879,     177.81,    175.716,    173.614,    171.518,    169.483,    167.425,    165.398,    163.405,    161.449,    159.531,    157.652,    155.812,    154.012,     152.25,    150.526,     148.84,    147.189,    145.574,    143.994,    142.447,    140.933,     139.45,    137.998,    136.576,    135.183,    133.817,    132.479,    131.168,    129.882,    128.621,    127.384,    126.171,    124.981,    123.813,    122.666,    121.541,    120.436,    119.351,    118.285,    117.239,     116.21,      115.2,    114.207,    113.231,    112.271,    111.328,      110.4,    109.487,     108.59,    107.707,    106.838,    105.984,    105.143,    104.315,      103.5,    102.698,    101.907,     101.13,    100.363,    99.6088,    98.8655,    98.1331,    97.4116,    96.7005,    95.9998,    95.3092,    94.6284,    93.9572,    93.2956,    92.6432,    91.9998,    91.3653,    90.7395,    90.1222,    89.5133,    88.9125,    88.3198,    87.7349,    87.1577,     86.588,    86.0258,    85.4708,    84.9229,     84.382); 
png('potential.png', height = 300, width = 600) 
plot(x,y,type='o',col='red',main='Potential',xlab='r',ylab='E') 
dev.off() 
