x<-c(10.6, 10.8, 11, 11.2, 11.4, 11.6, 11.8, 12, 12.2, 12.4, 12.6, 12.8, 13, 13.2, 13.4, 13.6, 13.8, 14, 14.2, 14.4, 14.6, 14.8, 15, 15.2, 15.4, 15.6, 15.8, 16, 16.2, 16.4, 16.6, 16.8, 17, 17.2, 17.4, 17.6, 17.8, 18, 18.2, 18.4, 18.6, 18.8, 19, 19.2, 19.4, 19.6, 19.8, 20, 20.2, 20.4, 20.6, 20.8, 21, 21.2, 21.4, 21.6, 21.8, 22, 22.2, 22.4, 22.6, 22.8, 23, 23.2, 23.4, 23.6, 23.8, 24, 24.2, 24.4, 24.6, 24.8, 25, 25.2, 25.4, 25.6, 25.8, 26, 26.2, 26.4, 26.6, 26.8, 27, 27.2, 27.4, 27.6, 27.8, 28, 28.2, 28.4, 28.6, 28.8, 29, 29.2001, 29.4001, 29.6001, 29.8001, 30.0001, 30.2001, 30.4001, 30.6001, 30.8001, 31.0001, 31.2001, 31.4001); 
y0<-c(217.466,205.097,196.903,191.974,189.462,188.616,188.806,189.529,190.41,191.189,191.7,191.858,191.631,191.03,190.087,188.846,187.36,185.677,183.844,181.9,179.879,177.81,175.716,173.614,171.518,169.483,167.425,165.398,163.405,161.449,159.531,157.652,155.812,154.012,152.25,150.526,148.84,147.189,145.574,143.994,142.447,140.933,139.45,137.998,136.576,135.183,133.817,132.479,131.168,129.882,128.621,127.384,126.171,124.981,123.813,122.666,121.541,120.436,119.351,118.285,117.239,116.21,115.2,114.207,113.231,112.271,111.328,110.4,109.487,108.59,107.707,106.838,105.984,105.143,104.315,103.5,102.698,101.907,101.13,100.363,99.6088,98.8655,98.1331,97.4116,96.7005,95.9998,95.3092,94.6284,93.9572,93.2956,92.6432,91.9998,91.3653,90.7395,90.1222,89.5133,88.9125,88.3198,87.7349,87.1577,86.588,86.0258,85.4708,84.9229,84.382); 
y1<-c(217.476,205.107,196.913,191.983,189.471,188.625,188.814,189.537,190.418,191.197,191.707,191.865,191.638,191.037,190.094,188.852,187.366,185.683,183.85,181.906,179.884,177.815,175.721,173.619,171.523,169.488,167.43,165.403,163.409,161.453,159.535,157.656,155.816,154.016,152.254,150.53,148.844,147.193,145.578,143.997,142.45,140.936,139.453,138.001,136.579,135.186,133.82,132.482,131.171,129.885,128.624,127.387,126.174,124.984,123.816,122.669,121.543,120.438,119.353,118.287,117.241,116.212,115.202,114.209,113.233,112.273,111.33,110.402,109.489,108.592,107.709,106.84,105.986,105.145,104.317,103.502,102.7,101.909,101.132,100.365,99.6105,98.8671,98.1347,97.4132,96.7021,96.0013,95.3107,94.6299,93.9587,93.297,92.6446,92.0012,91.3667,90.7409,90.1236,89.5146,88.9138,88.3211,87.7362,87.159,86.5892,86.027,85.472,84.9241,84.3832); 
y2<-c(217.497,205.127,196.932,192.002,189.489,188.642,188.831,189.553,190.434,191.212,191.722,191.879,191.652,191.05,190.107,188.865,187.378,185.695,183.861,181.917,179.895,177.826,175.732,173.629,171.533,169.497,167.439,165.412,163.418,161.462,159.544,157.664,155.824,154.024,152.262,150.537,148.851,147.2,145.585,144.004,142.457,140.943,139.46,138.008,136.585,135.192,133.826,132.488,131.177,129.89,128.629,127.392,126.179,124.989,123.821,122.674,121.548,120.443,119.358,118.292,117.246,116.217,115.207,114.214,113.237,112.277,111.334,110.406,109.493,108.596,107.713,106.844,105.99,105.149,104.32,103.505,102.703,101.912,101.135,100.368,99.6138,98.8704,98.1379,97.4163,96.7052,96.0044,95.3137,94.6329,93.9616,93.2999,92.6475,92.004,91.3695,90.7436,90.1263,89.5173,88.9164,88.3237,87.7387,87.1615,86.5917,86.0295,85.4744,84.9265,84.3856); 
y3<-c(217.528,205.157,196.961,192.03,189.516,188.668,188.856,189.578,190.457,191.235,191.744,191.901,191.672,191.07,190.126,188.884,187.397,185.713,183.879,181.934,179.912,177.842,175.747,173.644,171.548,169.512,167.453,165.425,163.432,161.475,159.556,157.677,155.836,154.036,152.273,150.549,148.862,147.211,145.595,144.015,142.467,140.953,139.469,138.017,136.595,135.201,133.835,132.497,131.185,129.899,128.638,127.4,126.187,124.997,123.828,122.681,121.556,120.45,119.365,118.299,117.253,116.223,115.213,114.22,113.244,112.284,111.34,110.412,109.499,108.602,107.719,106.849,105.995,105.154,104.326,103.511,102.709,101.917,101.14,100.373,99.6187,98.8753,98.1427,97.4211,96.7098,96.009,95.3183,94.6373,93.966,93.3043,92.6518,92.0083,91.3736,90.7477,90.1303,89.5213,88.9204,88.3276,87.7426,87.1653,86.5955,86.0332,85.4781,84.9301,84.3891); 
y4<-c(217.57,205.197,197,192.067,189.552,188.703,188.89,189.61,190.489,191.265,191.774,191.929,191.7,191.097,190.152,188.909,187.421,185.737,183.902,181.956,179.934,177.863,175.768,173.665,171.567,169.531,167.472,165.444,163.45,161.492,159.573,157.693,155.852,154.052,152.289,150.564,148.877,147.225,145.609,144.029,142.481,140.966,139.482,138.03,136.607,135.213,133.847,132.508,131.197,129.91,128.649,127.411,126.197,125.007,123.839,122.691,121.566,120.46,119.375,118.308,117.262,116.232,115.222,114.229,113.252,112.292,111.349,110.42,109.507,108.61,107.726,106.857,106.003,105.161,104.333,103.518,102.716,101.924,101.147,100.38,99.6253,98.8818,98.1491,97.4274,96.7161,96.0151,95.3243,94.6433,93.9719,93.3101,92.6575,92.0139,91.3792,90.7532,90.1357,89.5266,88.9257,88.3328,87.7477,87.1703,86.6005,86.0381,85.483,84.9349,84.3939); 
y5<-c(217.622,205.247,197.048,192.114,189.597,188.746,188.932,189.651,190.528,191.303,191.81,191.965,191.735,191.131,190.185,188.941,187.452,185.766,183.931,181.985,179.961,177.89,175.794,173.69,171.592,169.555,167.495,165.466,163.472,161.514,159.595,157.714,155.873,154.071,152.308,150.583,148.895,147.243,145.627,144.046,142.498,140.983,139.499,138.046,136.623,135.229,133.862,132.523,131.211,129.924,128.662,127.425,126.211,125.02,123.851,122.704,121.578,120.472,119.387,118.32,117.273,116.244,115.233,114.24,113.263,112.302,111.359,110.43,109.517,108.619,107.736,106.867,106.012,105.171,104.342,103.527,102.724,101.933,101.156,100.388,99.6336,98.8899,98.1571,97.4353,96.7238,96.0228,95.3319,94.6508,93.9792,93.3173,92.6646,92.0209,91.3861,90.7601,90.1425,89.5333,88.9322,88.3393,87.7541,87.1767,86.6067,86.0443,85.489,84.9409,84.3998); 
y6<-c(217.684,205.307,197.106,192.17,189.651,188.798,188.982,189.699,190.575,191.349,191.855,192.008,191.776,191.171,190.224,188.979,187.489,185.802,183.966,182.018,179.994,177.922,175.825,173.72,171.621,169.584,167.523,165.494,163.499,161.54,159.62,157.739,155.897,154.095,152.331,150.605,148.917,147.265,145.648,144.066,142.518,141.002,139.518,138.065,136.641,135.247,133.88,132.54,131.228,129.941,128.679,127.441,126.227,125.036,123.867,122.719,121.593,120.487,119.401,118.334,117.287,116.257,115.246,114.253,113.276,112.315,111.371,110.443,109.529,108.631,107.748,106.878,106.023,105.182,104.353,103.537,102.735,101.943,101.166,100.398,99.6435,98.8997,98.1668,97.4448,96.7332,96.032,95.341,94.6597,93.9881,93.326,92.6732,92.0294,91.3945,90.7683,90.1506,89.5413,88.9401,88.3471,87.7618,87.1843,86.6142,86.0517,85.4963,84.9481,84.4069); 
y7<-c(217.757,205.378,197.173,192.235,189.714,188.859,189.041,189.756,190.63,191.402,191.906,192.058,191.825,191.218,190.269,189.023,187.532,185.844,184.006,182.058,180.033,177.959,175.861,173.756,171.656,169.617,167.556,165.526,163.53,161.571,159.65,157.768,155.925,154.123,152.358,150.632,148.943,147.29,145.673,144.091,142.542,141.026,139.541,138.087,136.663,135.268,133.9,132.561,131.248,129.961,128.698,127.46,126.245,125.054,123.884,122.736,121.61,120.504,119.417,118.35,117.303,116.273,115.262,114.268,113.291,112.33,111.386,110.457,109.543,108.645,107.761,106.891,106.036,105.195,104.366,103.55,102.747,101.955,101.178,100.41,99.655,98.9111,98.178,97.4558,96.7441,96.0428,95.3515,94.6701,93.9983,93.3362,92.6832,92.0392,91.4042,90.7779,90.1601,89.5506,88.9493,88.3562,87.7708,87.1931,86.6229,86.0603,85.5048,84.9565,84.4152); 
