x<-c(143.681, 144.181, 144.681, 145.181, 145.681, 146.181, 146.681, 147.181, 147.681, 148.181, 148.681, 149.181, 149.681, 150.181, 150.681, 151.181, 151.681, 152.181, 152.681, 153.181, 153.681, 154.181, 154.681, 155.181, 155.681, 156.181, 156.681, 157.181, 157.681, 158.181, 158.681, 159.181, 159.681, 160.181, 160.681, 161.181, 161.681, 162.181, 162.681, 163.181, 163.681, 164.181, 164.681, 165.181, 165.681, 166.181, 166.681, 167.181, 167.681, 168.181, 168.681, 169.181, 169.681, 170.181, 170.681, 171.181, 171.681, 172.181, 172.681, 173.181, 173.681, 174.181, 174.681, 175.181, 175.681, 176.181, 176.681, 177.181, 177.681, 178.181, 178.681, 179.181, 179.681, 180.181, 180.681, 181.181, 181.681, 182.181, 182.681, 183.181, 183.681, 184.181, 184.681, 185.181, 185.681, 186.181, 186.681, 187.181, 187.681, 188.181, 188.681, 189.181, 189.681, 190.181, 190.681, 191.181, 191.681, 192.181, 192.681, 193.181, 193.681, 194.181, 194.681, 195.181, 195.681, 196.181, 196.681, 197.181, 197.681, 198.181, 198.681, 199.181, 199.681, 200.181, 200.681, 201.181, 201.681, 202.181, 202.681, 203.181, 203.681, 204.181, 204.681, 205.181, 205.681, 206.181, 206.681, 207.181, 207.681, 208.181, 208.681, 209.181, 209.681, 210.181, 210.681, 211.181, 211.681, 212.181, 212.681, 213.181, 213.681, 214.181, 214.681, 215.181, 215.681, 216.181, 216.681, 217.181, 217.681, 218.181, 218.681, 219.181, 219.681, 220.181, 220.681, 221.181, 221.681, 222.181, 222.681, 223.181, 223.681, 224.181, 224.681, 225.181, 225.681, 226.181, 226.681, 227.181, 227.681, 228.181, 228.681, 229.181, 229.681, 230.181, 230.681, 231.181, 231.681, 232.181, 232.681, 233.181, 233.681); 
y<-c(0, 0, 0, 0, 0, 0, 0, 0, 0, 0, 0, 0, 0, 0, 0, 0, 0, 1.34839e-19, 5.44717e-19, 1.28602e-18, 2.37688e-18, 4.12697e-18, 7.66984e-18, 1.25505e-17, 2.24134e-17, 3.6092e-17, 5.90983e-17, 1.08531e-16, 1.863e-16, 3.07401e-16, 5.31848e-16, 9.10263e-16, 1.54216e-15, 2.59055e-15, 4.2338e-15, 7.01807e-15, 1.24685e-14, 2.13392e-14, 3.57247e-14, 6.2153e-14, 1.10376e-13, 1.78534e-13, 3.16852e-13, 5.53993e-13, 8.62351e-13, 1.59064e-12, 2.79952e-12, 4.75362e-12, 8.27765e-12, 1.30599e-11, 2.33089e-11, 4.23089e-11, 7.29778e-11, 1.19411e-10, 2.16126e-10, 3.76106e-10, 6.50683e-10, 1.11047e-09, 1.95233e-09, 3.20907e-09, 5.87531e-09, 1.02024e-08, 1.77261e-08, 3.08229e-08, 5.29551e-08, 9.30407e-08, 1.55295e-07, 2.81115e-07, 4.94292e-07, 8.6252e-07, 1.50356e-06, 2.45373e-06, 4.5063e-06, 7.94348e-06, 1.21896e-05, 2.46247e-05, 4.31273e-05, 7.55699e-05, 0.000128026, 0.000232384, 0.00040783, 0.000675064, 0.00125829, 0.00207674, 0.00389273, 0.00671822, 0.0114768, 0.0217278, 0.0904347, 0.246821, 0.579164, 1.22828, 2.57934, 4.05627, 6.10031, 8.55003, 11.4686, 13.9698, 18.2129, 23.2842, 27.4612, 32.7473, 39.4157, 44.9808, 53.1374, 60.8099, 68.696, 76.989, 84.2294, 91.9731, 101.937, 110.611, 120.74, 130.495, 140.461, 150.611, 160.927, 170.794, 181.972, 192.647, 203.37, 214.136, 223.061, 231.829, 243.105, 253.693, 263.651, 273.422, 282.965, 292.235, 301.185, 309.756, 317.803, 325.328, 332.319, 338.772, 344.69, 350.083, 354.967, 359.361, 363.288, 366.773, 369.842, 372.524, 374.845, 376.834, 378.518, 379.923, 381.074, 381.996, 382.71, 383.238, 383.599, 383.811, 383.892, 383.855, 383.714, 383.483, 383.171, 382.79, 382.348, 381.853, 381.312, 380.732, 380.118, 379.475, 378.808, 378.119, 377.413, 376.693, 375.96, 375.217, 374.466, 373.709, 372.947, 372.181, 371.412, 370.641, 369.869, 369.097, 368.325); 
png('probability.png', height = 300, width = 600) 
plot(x,log(y),type='o',col='red',main='Probability',xlab='r',ylab='log(E)') 
dev.off() 
